,S F22 Comdty,S F22 Comdty,S F22 Comdty,S F22 Comdty,S F22 Comdty,S F22 Comdty,S F22 Comdty
,open,high,low,close,volume,num_trds,value
2021-11-09 20:00:00-05:00,1212.0,1214.0,1212.0,1212.25,1067,293,1293944.5
2021-11-09 20:01:00-05:00,1212.25,1212.25,1210.5,1211.5,237,70,287138.0
2021-11-09 20:02:00-05:00,1211.5,1211.75,1210.0,1210.0,75,47,90815.5
2021-11-09 20:03:00-05:00,1210.5,1210.75,1208.5,1208.75,113,58,136680.5
2021-11-09 20:04:00-05:00,1208.75,1209.75,1208.75,1209.75,43,19,52003.0
2021-11-09 20:05:00-05:00,1209.75,1211.25,1209.75,1211.25,33,14,39939.25
2021-11-09 20:06:00-05:00,1211.0,1211.25,1210.75,1211.25,37,18,44805.5
2021-11-09 20:07:00-05:00,1211.25,1211.25,1210.5,1211.0,81,31,98078.5
2021-11-09 20:08:00-05:00,1211.0,1211.25,1210.75,1210.75,76,37,92034.25
2021-11-09 20:09:00-05:00,1211.0,1211.25,1210.5,1210.5,31,7,37536.75
2021-11-09 20:10:00-05:00,1210.75,1210.75,1210.0,1210.25,18,14,21786.25
2021-11-09 20:11:00-05:00,1210.5,1210.75,1210.5,1210.75,36,15,43582.25
2021-11-09 20:12:00-05:00,1210.75,1210.75,1210.5,1210.5,17,15,20579.75
2021-11-09 20:13:00-05:00,1210.75,1210.75,1210.25,1210.25,33,13,39946.0
2021-11-09 20:14:00-05:00,1210.75,1211.25,1210.75,1211.0,77,47,93262.0
2021-11-09 20:15:00-05:00,1211.0,1211.0,1210.75,1211.0,48,29,58125.75
2021-11-09 20:16:00-05:00,1211.0,1211.0,1210.75,1210.75,16,15,19374.25
2021-11-09 20:17:00-05:00,1211.0,1211.5,1211.0,1211.5,64,40,77519.5
2021-11-09 20:18:00-05:00,1211.5,1211.5,1211.0,1211.0,51,39,61785.0
2021-11-09 20:19:00-05:00,1211.25,1211.25,1211.25,1211.25,5,5,6056.25
2021-11-09 20:20:00-05:00,1211.25,1211.25,1211.0,1211.0,18,9,21801.0
2021-11-09 20:21:00-05:00,1211.0,1211.0,1210.75,1210.75,9,6,10897.5
2021-11-09 20:22:00-05:00,1210.75,1210.75,1210.25,1210.25,21,10,25420.0
2021-11-09 20:23:00-05:00,1210.0,1210.25,1210.0,1210.0,19,4,22990.5
2021-11-09 20:24:00-05:00,1210.0,1210.25,1210.0,1210.0,20,8,24203.25
2021-11-09 20:25:00-05:00,1210.5,1210.75,1210.5,1210.75,26,13,31477.0
2021-11-09 20:26:00-05:00,1210.75,1211.0,1210.75,1211.0,5,5,6054.25
2021-11-09 20:27:00-05:00,1211.0,1211.25,1211.0,1211.25,13,7,15745.0
2021-11-09 20:28:00-05:00,1211.0,1211.0,1210.5,1210.5,4,4,4843.25
2021-11-09 20:29:00-05:00,1210.5,1210.5,1210.5,1210.5,5,2,6052.5
2021-11-09 20:30:00-05:00,1210.5,1211.0,1210.5,1211.0,6,3,7264.0
2021-11-09 20:31:00-05:00,1210.25,1210.75,1210.25,1210.75,11,4,13317.75
2021-11-09 20:32:00-05:00,1210.75,1210.75,1210.75,1210.75,7,3,8475.25
2021-11-09 20:33:00-05:00,1211.0,1211.0,1211.0,1211.0,5,4,6055.0
2021-11-09 20:34:00-05:00,1210.75,1210.75,1210.75,1210.75,21,7,25425.75
2021-11-09 20:35:00-05:00,1211.0,1211.0,1210.75,1210.75,3,2,3632.5
2021-11-09 20:36:00-05:00,1210.75,1210.75,1210.5,1210.5,5,2,6053.0
2021-11-09 20:37:00-05:00,1210.75,1211.0,1210.5,1211.0,15,10,18162.75
2021-11-09 20:38:00-05:00,1211.25,1211.5,1211.25,1211.5,4,3,4845.5
2021-11-09 20:40:00-05:00,1211.0,1211.0,1210.5,1210.5,4,2,4843.0
2021-11-09 20:41:00-05:00,1210.5,1210.5,1210.5,1210.5,6,4,7263.0
2021-11-09 20:42:00-05:00,1210.5,1210.75,1210.5,1210.5,5,3,6053.25
2021-11-09 20:43:00-05:00,1210.5,1210.5,1210.5,1210.5,6,2,7263.0
2021-11-09 20:44:00-05:00,1210.5,1210.5,1210.25,1210.25,10,8,12103.25
2021-11-09 20:45:00-05:00,1210.25,1210.25,1210.25,1210.25,2,2,2420.5
2021-11-09 20:46:00-05:00,1210.25,1210.25,1209.75,1210.0,39,9,47191.0
2021-11-09 20:47:00-05:00,1209.75,1209.75,1209.5,1209.75,36,12,43543.25
2021-11-09 20:48:00-05:00,1209.5,1209.75,1209.5,1209.75,3,2,3629.0
2021-11-09 20:49:00-05:00,1209.5,1209.75,1209.5,1209.5,9,4,10885.75
2021-11-09 20:50:00-05:00,1209.5,1209.5,1209.5,1209.5,1,1,1209.5
2021-11-09 20:51:00-05:00,1210.0,1210.0,1210.0,1210.0,5,3,6050.0
2021-11-09 20:52:00-05:00,1210.0,1210.25,1209.75,1210.0,7,5,8470.5
2021-11-09 20:53:00-05:00,1210.0,1210.5,1210.0,1210.0,3,3,3630.5
2021-11-09 20:54:00-05:00,1210.0,1210.0,1209.75,1209.75,10,4,12099.0
2021-11-09 20:56:00-05:00,1209.75,1209.75,1209.75,1209.75,2,1,2419.5
2021-11-09 20:57:00-05:00,1210.25,1210.25,1210.25,1210.25,1,1,1210.25
2021-11-09 20:58:00-05:00,1210.25,1210.25,1210.0,1210.0,4,3,4840.75
2021-11-09 20:59:00-05:00,1210.5,1210.75,1210.5,1210.75,3,3,3631.75
2021-11-09 21:00:00-05:00,1210.5,1210.5,1210.5,1210.5,3,3,3631.5
2021-11-09 21:01:00-05:00,1210.25,1210.25,1210.25,1210.25,1,1,1210.25
2021-11-09 21:02:00-05:00,1210.5,1210.5,1210.5,1210.5,1,1,1210.5
2021-11-09 21:03:00-05:00,1210.25,1210.25,1210.25,1210.25,2,2,2420.5
2021-11-09 21:04:00-05:00,1210.75,1210.75,1210.75,1210.75,1,1,1210.75
2021-11-09 21:05:00-05:00,1210.75,1210.75,1210.75,1210.75,4,2,4843.0
2021-11-09 21:06:00-05:00,1210.75,1211.0,1210.75,1211.0,3,3,3632.5
2021-11-09 21:07:00-05:00,1210.5,1210.5,1210.5,1210.5,1,1,1210.5
2021-11-09 21:08:00-05:00,1211.0,1211.0,1211.0,1211.0,5,2,6055.0
2021-11-09 21:09:00-05:00,1211.25,1211.25,1210.75,1211.0,19,10,23009.5
2021-11-09 21:10:00-05:00,1211.0,1211.0,1210.75,1210.75,4,2,4843.5
2021-11-09 21:13:00-05:00,1210.75,1211.0,1210.5,1210.5,6,5,7263.75
2021-11-09 21:14:00-05:00,1211.0,1211.0,1210.75,1211.0,7,7,8476.5
2021-11-09 21:15:00-05:00,1210.5,1210.5,1210.5,1210.5,9,5,10894.5
2021-11-09 21:16:00-05:00,1210.25,1210.25,1210.25,1210.25,2,1,2420.5
2021-11-09 21:17:00-05:00,1210.25,1210.25,1210.25,1210.25,1,1,1210.25
2021-11-09 21:18:00-05:00,1210.0,1210.0,1210.0,1210.0,4,3,4840.0
2021-11-09 21:19:00-05:00,1209.75,1209.75,1209.5,1209.5,16,10,19355.0
2021-11-09 21:20:00-05:00,1209.75,1209.75,1209.75,1209.75,1,1,1209.75
2021-11-09 21:21:00-05:00,1209.75,1210.0,1209.75,1210.0,2,2,2419.75
2021-11-09 21:22:00-05:00,1210.0,1210.0,1209.75,1209.75,3,2,3629.75
2021-11-09 21:23:00-05:00,1209.75,1209.75,1209.75,1209.75,6,3,7258.5
2021-11-09 21:24:00-05:00,1209.5,1209.75,1209.5,1209.5,7,6,8466.75
2021-11-09 21:25:00-05:00,1210.0,1210.0,1209.75,1209.75,7,3,8469.5
2021-11-09 21:27:00-05:00,1209.75,1210.25,1209.75,1210.25,2,2,2420.0
2021-11-09 21:28:00-05:00,1210.25,1210.25,1210.0,1210.0,4,2,4840.25
2021-11-09 21:29:00-05:00,1209.75,1210.25,1209.75,1210.25,10,6,12099.5
2021-11-09 21:30:00-05:00,1210.25,1210.5,1210.0,1210.0,8,5,9681.5
2021-11-09 21:31:00-05:00,1210.25,1210.25,1210.25,1210.25,3,1,3630.75
2021-11-09 21:32:00-05:00,1210.25,1210.5,1210.25,1210.5,11,2,13314.5
2021-11-09 21:33:00-05:00,1210.0,1210.0,1209.75,1209.75,3,3,3629.75
2021-11-09 21:34:00-05:00,1209.75,1209.75,1209.75,1209.75,5,2,6048.75
2021-11-09 21:35:00-05:00,1210.0,1210.0,1209.75,1210.0,9,6,10889.0
2021-11-09 21:36:00-05:00,1209.75,1209.75,1209.5,1209.5,17,2,20563.25
2021-11-09 21:38:00-05:00,1209.75,1209.75,1209.75,1209.75,1,1,1209.75
2021-11-09 21:39:00-05:00,1209.75,1209.75,1209.5,1209.5,11,4,13306.25
2021-11-09 21:41:00-05:00,1210.0,1210.0,1209.75,1210.0,10,8,12099.75
2021-11-09 21:42:00-05:00,1209.75,1210.0,1209.75,1210.0,3,3,3629.75
2021-11-09 21:43:00-05:00,1209.5,1209.5,1209.5,1209.5,3,1,3628.5
2021-11-09 21:44:00-05:00,1210.0,1210.25,1209.75,1210.25,13,10,15731.5
2021-11-09 21:45:00-05:00,1210.25,1210.25,1210.0,1210.0,4,3,4840.5
2021-11-09 21:46:00-05:00,1210.25,1210.5,1210.25,1210.5,6,2,7262.5
2021-11-09 21:47:00-05:00,1210.5,1211.5,1210.25,1211.25,131,41,158642.0
2021-11-09 21:48:00-05:00,1211.0,1211.0,1210.75,1210.75,16,7,19375.5
2021-11-09 21:49:00-05:00,1210.75,1211.0,1210.75,1211.0,2,2,2421.75
2021-11-09 21:50:00-05:00,1211.25,1211.25,1211.0,1211.0,7,6,8477.25
2021-11-09 21:51:00-05:00,1210.75,1210.75,1210.75,1210.75,4,2,4843.0
2021-11-09 21:52:00-05:00,1210.75,1210.75,1210.75,1210.75,1,1,1210.75
2021-11-09 21:53:00-05:00,1210.5,1210.5,1210.25,1210.5,10,3,12104.5
2021-11-09 21:54:00-05:00,1210.0,1210.25,1210.0,1210.25,15,6,18150.5
2021-11-09 21:55:00-05:00,1210.5,1210.5,1210.0,1210.0,11,6,13313.5
2021-11-09 21:56:00-05:00,1210.0,1210.0,1210.0,1210.0,1,1,1210.0
2021-11-09 21:58:00-05:00,1210.0,1210.0,1209.75,1209.75,6,3,7259.0
2021-11-09 21:59:00-05:00,1209.75,1210.0,1209.5,1210.0,7,4,8467.5
2021-11-09 22:00:00-05:00,1210.0,1210.0,1210.0,1210.0,1,1,1210.0
2021-11-09 22:01:00-05:00,1210.25,1210.25,1210.25,1210.25,1,1,1210.25
2021-11-09 22:03:00-05:00,1210.0,1210.25,1210.0,1210.25,4,2,4840.25
2021-11-09 22:04:00-05:00,1210.0,1210.0,1210.0,1210.0,5,3,6050.0
2021-11-09 22:05:00-05:00,1210.0,1210.25,1210.0,1210.25,8,2,9681.0
2021-11-09 22:06:00-05:00,1210.0,1210.0,1210.0,1210.0,9,2,10890.0
2021-11-09 22:07:00-05:00,1210.0,1210.0,1210.0,1210.0,3,3,3630.0
2021-11-09 22:08:00-05:00,1209.75,1209.75,1209.75,1209.75,2,2,2419.5
2021-11-09 22:09:00-05:00,1209.75,1210.0,1209.75,1210.0,9,5,10888.0
2021-11-09 22:10:00-05:00,1210.25,1210.25,1210.25,1210.25,2,2,2420.5
2021-11-09 22:11:00-05:00,1210.25,1210.25,1210.25,1210.25,2,1,2420.5
2021-11-09 22:12:00-05:00,1210.5,1210.5,1210.5,1210.5,1,1,1210.5
2021-11-09 22:13:00-05:00,1210.5,1210.5,1210.5,1210.5,1,1,1210.5
2021-11-09 22:14:00-05:00,1210.5,1210.5,1210.5,1210.5,1,1,1210.5
2021-11-09 22:15:00-05:00,1210.25,1210.25,1210.25,1210.25,1,1,1210.25
2021-11-09 22:16:00-05:00,1210.25,1210.25,1210.25,1210.25,2,2,2420.5
2021-11-09 22:17:00-05:00,1210.25,1210.25,1210.25,1210.25,3,3,3630.75
2021-11-09 22:18:00-05:00,1210.5,1210.75,1210.5,1210.75,20,3,24214.0
2021-11-09 22:19:00-05:00,1210.5,1210.5,1210.5,1210.5,4,3,4842.0
2021-11-09 22:22:00-05:00,1210.5,1210.5,1210.5,1210.5,2,2,2421.0
2021-11-09 22:23:00-05:00,1210.5,1210.5,1210.5,1210.5,1,1,1210.5
2021-11-09 22:25:00-05:00,1210.75,1210.75,1210.75,1210.75,2,1,2421.5
2021-11-09 22:26:00-05:00,1210.5,1210.5,1210.5,1210.5,1,1,1210.5
2021-11-09 22:27:00-05:00,1210.0,1210.0,1210.0,1210.0,2,1,2420.0
2021-11-09 22:29:00-05:00,1210.5,1210.5,1210.5,1210.5,6,3,7263.0
2021-11-09 22:33:00-05:00,1210.25,1210.25,1210.25,1210.25,1,1,1210.25
2021-11-09 22:34:00-05:00,1210.5,1210.5,1210.5,1210.5,1,1,1210.5
2021-11-09 22:36:00-05:00,1210.5,1210.5,1210.5,1210.5,1,1,1210.5
2021-11-09 22:42:00-05:00,1210.25,1210.5,1210.25,1210.5,7,3,8472.0
2021-11-09 22:43:00-05:00,1210.5,1210.5,1210.5,1210.5,1,1,1210.5
2021-11-09 22:44:00-05:00,1210.25,1210.25,1210.25,1210.25,1,1,1210.25
2021-11-09 22:45:00-05:00,1210.25,1210.25,1210.25,1210.25,3,2,3630.75
2021-11-09 22:51:00-05:00,1210.25,1210.25,1210.25,1210.25,14,3,16943.5
2021-11-09 22:54:00-05:00,1210.0,1210.25,1210.0,1210.25,10,2,12101.5
2021-11-09 22:55:00-05:00,1210.25,1210.5,1210.25,1210.5,2,2,2420.75
2021-11-09 22:56:00-05:00,1210.25,1210.25,1210.25,1210.25,5,5,6051.25
2021-11-09 22:57:00-05:00,1210.25,1210.25,1210.25,1210.25,1,1,1210.25
2021-11-09 22:58:00-05:00,1210.25,1210.75,1210.25,1210.5,14,4,16947.0
2021-11-09 22:59:00-05:00,1210.25,1210.5,1210.25,1210.5,5,4,6051.5
2021-11-09 23:00:00-05:00,1210.25,1210.25,1210.25,1210.25,1,1,1210.25
2021-11-09 23:08:00-05:00,1210.25,1210.25,1210.25,1210.25,1,1,1210.25
2021-11-09 23:09:00-05:00,1210.25,1210.25,1210.25,1210.25,8,5,9682.0
2021-11-09 23:10:00-05:00,1210.25,1210.25,1210.25,1210.25,4,2,4841.0
2021-11-09 23:11:00-05:00,1210.25,1210.25,1210.0,1210.0,4,3,4840.25
2021-11-09 23:13:00-05:00,1210.0,1210.0,1210.0,1210.0,1,1,1210.0
2021-11-09 23:14:00-05:00,1210.0,1210.0,1210.0,1210.0,1,1,1210.0
2021-11-09 23:16:00-05:00,1210.0,1210.0,1210.0,1210.0,1,1,1210.0
2021-11-09 23:17:00-05:00,1209.75,1209.75,1209.75,1209.75,6,1,7258.5
2021-11-09 23:18:00-05:00,1209.75,1209.75,1209.75,1209.75,7,2,8468.25
2021-11-09 23:19:00-05:00,1210.0,1210.25,1210.0,1210.25,2,2,2420.25
2021-11-09 23:21:00-05:00,1209.75,1209.75,1209.75,1209.75,4,1,4839.0
2021-11-09 23:25:00-05:00,1210.25,1210.25,1210.25,1210.25,3,2,3630.75
2021-11-09 23:27:00-05:00,1210.25,1210.25,1210.25,1210.25,1,1,1210.25
2021-11-09 23:28:00-05:00,1210.0,1210.0,1209.75,1209.75,5,2,6049.75
2021-11-09 23:29:00-05:00,1209.75,1209.75,1209.75,1209.75,2,2,2419.5
2021-11-09 23:31:00-05:00,1209.75,1209.75,1209.75,1209.75,7,2,8468.25
2021-11-09 23:32:00-05:00,1209.75,1209.75,1209.75,1209.75,3,2,3629.25
2021-11-09 23:33:00-05:00,1209.75,1209.75,1209.75,1209.75,3,3,3629.25
2021-11-09 23:34:00-05:00,1209.75,1209.75,1209.75,1209.75,3,3,3629.25
2021-11-09 23:35:00-05:00,1209.75,1209.75,1209.75,1209.75,10,7,12097.5
2021-11-09 23:36:00-05:00,1209.75,1209.75,1209.5,1209.5,7,6,8467.75
2021-11-09 23:37:00-05:00,1209.75,1209.75,1209.75,1209.75,2,2,2419.5
2021-11-09 23:38:00-05:00,1209.75,1209.75,1209.75,1209.75,4,3,4839.0
2021-11-09 23:39:00-05:00,1209.75,1209.75,1209.5,1209.5,3,2,3629.0
2021-11-09 23:40:00-05:00,1209.75,1209.75,1209.75,1209.75,3,1,3629.25
2021-11-09 23:41:00-05:00,1209.5,1209.5,1209.5,1209.5,3,1,3628.5
2021-11-09 23:43:00-05:00,1209.75,1209.75,1209.75,1209.75,1,1,1209.75
2021-11-09 23:44:00-05:00,1209.5,1209.75,1209.5,1209.5,11,6,13305.25
2021-11-09 23:45:00-05:00,1209.75,1209.75,1209.75,1209.75,3,2,3629.25
2021-11-09 23:46:00-05:00,1209.75,1209.75,1209.75,1209.75,5,1,6048.75
2021-11-09 23:51:00-05:00,1209.75,1209.75,1209.75,1209.75,3,3,3629.25
2021-11-09 23:52:00-05:00,1209.75,1210.25,1209.75,1210.0,21,4,25410.0
2021-11-09 23:53:00-05:00,1210.0,1210.0,1209.75,1209.75,3,3,3629.75
2021-11-09 23:55:00-05:00,1210.0,1210.0,1210.0,1210.0,5,1,6050.0
2021-11-09 23:58:00-05:00,1209.75,1209.75,1209.75,1209.75,1,1,1209.75
2021-11-09 23:59:00-05:00,1210.0,1210.0,1209.75,1209.75,7,4,8468.75
2021-11-10 00:00:00-05:00,1209.75,1209.75,1209.75,1209.75,3,3,3629.25
2021-11-10 00:03:00-05:00,1209.75,1209.75,1209.75,1209.75,1,1,1209.75
2021-11-10 00:04:00-05:00,1209.75,1209.75,1209.75,1209.75,1,1,1209.75
2021-11-10 00:07:00-05:00,1210.0,1210.0,1209.75,1209.75,8,2,9679.5
2021-11-10 00:08:00-05:00,1209.75,1209.75,1209.75,1209.75,1,1,1209.75
2021-11-10 00:09:00-05:00,1209.5,1209.5,1209.5,1209.5,4,1,4838.0
2021-11-10 00:11:00-05:00,1209.5,1209.5,1209.5,1209.5,1,1,1209.5
2021-11-10 00:14:00-05:00,1209.5,1209.75,1209.5,1209.75,4,3,4838.5
2021-11-10 00:15:00-05:00,1209.5,1209.5,1209.5,1209.5,4,1,4838.0
2021-11-10 00:16:00-05:00,1209.75,1209.75,1209.5,1209.5,2,2,2419.25
2021-11-10 00:17:00-05:00,1209.5,1209.5,1209.25,1209.25,35,9,42329.25
2021-11-10 00:18:00-05:00,1209.25,1209.25,1209.25,1209.25,1,1,1209.25
2021-11-10 00:19:00-05:00,1209.25,1209.25,1209.25,1209.25,6,3,7255.5
2021-11-10 00:21:00-05:00,1209.0,1209.0,1209.0,1209.0,26,4,31434.0
2021-11-10 00:22:00-05:00,1209.0,1209.0,1209.0,1209.0,4,3,4836.0
2021-11-10 00:23:00-05:00,1209.0,1209.0,1209.0,1209.0,4,2,4836.0
2021-11-10 00:24:00-05:00,1209.0,1209.0,1209.0,1209.0,4,1,4836.0
2021-11-10 00:26:00-05:00,1209.0,1209.0,1209.0,1209.0,2,1,2418.0
2021-11-10 00:28:00-05:00,1209.0,1209.0,1209.0,1209.0,1,1,1209.0
2021-11-10 00:29:00-05:00,1209.0,1209.0,1208.75,1208.75,5,2,6044.75
2021-11-10 00:30:00-05:00,1209.0,1209.75,1209.0,1209.75,24,14,29022.75
2021-11-10 00:31:00-05:00,1210.0,1210.25,1210.0,1210.25,14,5,16942.5
2021-11-10 00:32:00-05:00,1210.25,1210.25,1210.25,1210.25,1,1,1210.25
2021-11-10 00:33:00-05:00,1210.0,1210.0,1210.0,1210.0,3,2,3630.0
2021-11-10 00:34:00-05:00,1209.75,1209.75,1209.25,1209.25,17,9,20558.75
2021-11-10 00:35:00-05:00,1209.25,1209.25,1209.0,1209.25,19,9,22974.75
2021-11-10 00:36:00-05:00,1209.0,1209.0,1209.0,1209.0,6,3,7254.0
2021-11-10 00:37:00-05:00,1209.25,1209.25,1209.25,1209.25,4,3,4837.0
2021-11-10 00:38:00-05:00,1209.25,1209.25,1209.0,1209.0,11,8,13299.25
2021-11-10 00:39:00-05:00,1209.0,1209.0,1209.0,1209.0,3,2,3627.0
2021-11-10 00:40:00-05:00,1209.25,1209.5,1209.25,1209.5,7,4,8465.5
2021-11-10 00:42:00-05:00,1209.5,1209.5,1209.5,1209.5,1,1,1209.5
2021-11-10 00:43:00-05:00,1209.25,1209.25,1209.0,1209.0,13,10,15717.75
2021-11-10 00:45:00-05:00,1209.25,1209.5,1209.25,1209.5,7,6,8465.75
2021-11-10 00:46:00-05:00,1209.5,1209.5,1209.5,1209.5,4,1,4838.0
2021-11-10 00:47:00-05:00,1209.25,1209.5,1209.25,1209.5,9,4,10884.5
2021-11-10 00:48:00-05:00,1209.75,1209.75,1209.75,1209.75,7,3,8468.25
2021-11-10 00:49:00-05:00,1210.0,1210.0,1210.0,1210.0,3,2,3630.0
2021-11-10 00:50:00-05:00,1209.75,1209.75,1209.75,1209.75,3,2,3629.25
2021-11-10 00:51:00-05:00,1209.5,1209.5,1209.5,1209.5,4,1,4838.0
2021-11-10 00:52:00-05:00,1209.5,1209.5,1209.5,1209.5,1,1,1209.5
2021-11-10 00:53:00-05:00,1209.5,1209.5,1209.5,1209.5,1,1,1209.5
2021-11-10 00:54:00-05:00,1209.5,1209.5,1209.5,1209.5,1,1,1209.5
2021-11-10 00:55:00-05:00,1209.5,1209.5,1209.5,1209.5,1,1,1209.5
2021-11-10 00:56:00-05:00,1209.75,1209.75,1209.5,1209.5,3,2,3629.0
2021-11-10 00:57:00-05:00,1210.0,1210.25,1210.0,1210.25,9,4,10890.5
2021-11-10 00:59:00-05:00,1210.0,1210.25,1210.0,1210.25,4,4,4840.75
2021-11-10 01:00:00-05:00,1210.0,1210.0,1210.0,1210.0,1,1,1210.0
2021-11-10 01:01:00-05:00,1210.0,1210.0,1210.0,1210.0,1,1,1210.0
2021-11-10 01:04:00-05:00,1210.5,1210.5,1210.5,1210.5,6,2,7263.0
2021-11-10 01:05:00-05:00,1210.75,1210.75,1210.75,1210.75,16,6,19372.0
2021-11-10 01:08:00-05:00,1211.0,1211.0,1211.0,1211.0,2,2,2422.0
2021-11-10 01:09:00-05:00,1211.25,1211.25,1211.25,1211.25,4,4,4845.0
2021-11-10 01:10:00-05:00,1211.25,1211.25,1211.25,1211.25,4,2,4845.0
2021-11-10 01:11:00-05:00,1211.0,1211.0,1211.0,1211.0,1,1,1211.0
2021-11-10 01:13:00-05:00,1211.25,1211.25,1211.0,1211.0,7,6,8477.25
2021-11-10 01:14:00-05:00,1211.25,1211.5,1211.25,1211.5,5,4,6057.0
2021-11-10 01:17:00-05:00,1211.5,1211.5,1211.5,1211.5,21,13,25441.5
2021-11-10 01:18:00-05:00,1211.5,1212.0,1211.5,1211.75,60,32,72704.0
2021-11-10 01:19:00-05:00,1212.0,1212.0,1211.75,1211.75,20,10,24238.5
2021-11-10 01:20:00-05:00,1211.75,1212.0,1211.75,1212.0,54,31,65443.5
2021-11-10 01:21:00-05:00,1211.75,1212.0,1211.75,1211.75,17,7,20600.25
2021-11-10 01:22:00-05:00,1211.75,1211.75,1211.75,1211.75,1,1,1211.75
2021-11-10 01:23:00-05:00,1211.75,1211.75,1211.5,1211.5,12,4,14539.0
2021-11-10 01:26:00-05:00,1211.75,1211.75,1211.75,1211.75,19,7,23023.25
2021-11-10 01:28:00-05:00,1211.75,1212.0,1211.75,1212.0,13,3,15754.5
2021-11-10 01:29:00-05:00,1212.0,1212.25,1211.75,1211.75,121,11,146646.75
2021-11-10 01:30:00-05:00,1212.25,1212.5,1212.0,1212.0,55,12,66680.75
2021-11-10 01:31:00-05:00,1212.0,1212.0,1212.0,1212.0,2,2,2424.0
2021-11-10 01:32:00-05:00,1212.0,1212.25,1212.0,1212.25,4,3,4848.75
2021-11-10 01:33:00-05:00,1212.25,1212.25,1212.25,1212.25,1,1,1212.25
2021-11-10 01:34:00-05:00,1212.25,1212.25,1212.25,1212.25,1,1,1212.25
2021-11-10 01:36:00-05:00,1212.25,1212.25,1212.0,1212.0,7,4,8485.0
2021-11-10 01:37:00-05:00,1212.25,1212.5,1212.25,1212.5,17,3,20612.0
2021-11-10 01:38:00-05:00,1212.5,1212.5,1212.25,1212.25,37,24,44861.75
2021-11-10 01:39:00-05:00,1212.25,1212.5,1212.25,1212.5,6,2,7274.75
2021-11-10 01:40:00-05:00,1212.5,1212.5,1212.5,1212.5,14,8,16975.0
2021-11-10 01:41:00-05:00,1212.5,1212.75,1212.5,1212.75,52,11,63054.0
2021-11-10 01:42:00-05:00,1212.75,1213.0,1212.75,1212.75,94,9,114021.5
2021-11-10 01:43:00-05:00,1213.0,1214.0,1213.0,1213.75,137,22,166248.0
2021-11-10 01:44:00-05:00,1213.75,1213.75,1213.0,1213.0,56,12,67933.25
2021-11-10 01:45:00-05:00,1213.0,1213.0,1213.0,1213.0,28,8,33964.0
2021-11-10 01:46:00-05:00,1213.0,1213.0,1212.75,1213.0,26,5,31534.75
2021-11-10 01:47:00-05:00,1212.75,1213.0,1212.75,1213.0,2,2,2425.75
2021-11-10 01:48:00-05:00,1213.25,1213.75,1213.25,1213.5,14,14,16989.0
2021-11-10 01:49:00-05:00,1213.5,1213.5,1213.5,1213.5,6,6,7281.0
2021-11-10 01:50:00-05:00,1213.5,1213.75,1213.5,1213.75,6,4,7281.5
2021-11-10 01:51:00-05:00,1213.75,1214.0,1213.75,1213.75,20,15,24277.75
2021-11-10 01:52:00-05:00,1213.75,1213.75,1213.5,1213.75,16,8,19418.5
2021-11-10 01:53:00-05:00,1214.0,1214.25,1213.5,1213.5,51,14,61911.75
2021-11-10 01:54:00-05:00,1213.75,1214.0,1213.5,1214.0,34,10,41272.25
2021-11-10 01:55:00-05:00,1214.0,1214.25,1213.75,1213.75,36,6,43711.0
2021-11-10 01:56:00-05:00,1213.75,1213.75,1213.25,1213.25,12,7,14563.0
2021-11-10 01:57:00-05:00,1213.5,1214.0,1213.5,1213.75,47,9,57049.0
2021-11-10 01:58:00-05:00,1214.0,1214.25,1213.5,1213.75,66,18,80121.25
2021-11-10 01:59:00-05:00,1213.75,1213.75,1213.25,1213.75,26,7,31551.75
2021-11-10 02:00:00-05:00,1214.0,1214.0,1213.75,1214.0,5,3,6069.75
2021-11-10 02:01:00-05:00,1213.75,1213.75,1213.75,1213.75,1,1,1213.75
2021-11-10 02:02:00-05:00,1213.5,1213.5,1213.25,1213.5,14,6,16987.5
2021-11-10 02:03:00-05:00,1213.5,1214.0,1213.5,1213.75,60,11,72829.5
2021-11-10 02:04:00-05:00,1213.75,1214.0,1213.75,1214.0,6,3,7283.75
2021-11-10 02:05:00-05:00,1214.0,1214.0,1214.0,1214.0,5,3,6070.0
2021-11-10 02:06:00-05:00,1213.75,1214.0,1213.75,1214.0,7,2,8496.75
2021-11-10 02:07:00-05:00,1213.75,1213.75,1213.75,1213.75,3,2,3641.25
2021-11-10 02:08:00-05:00,1214.0,1214.0,1214.0,1214.0,1,1,1214.0
2021-11-10 02:09:00-05:00,1214.0,1214.25,1213.75,1214.0,36,11,43705.75
2021-11-10 02:10:00-05:00,1214.25,1214.25,1214.25,1214.25,2,1,2428.5
2021-11-10 02:12:00-05:00,1214.25,1214.25,1214.25,1214.25,1,1,1214.25
2021-11-10 02:13:00-05:00,1214.25,1214.25,1214.25,1214.25,3,2,3642.75
2021-11-10 02:14:00-05:00,1214.0,1214.25,1214.0,1214.25,4,4,4856.5
2021-11-10 02:15:00-05:00,1214.25,1214.25,1213.5,1213.5,48,21,58270.5
2021-11-10 02:16:00-05:00,1213.75,1213.75,1213.5,1213.75,10,5,12136.75
2021-11-10 02:17:00-05:00,1213.75,1213.75,1213.0,1213.0,29,11,35181.75
2021-11-10 02:18:00-05:00,1213.25,1213.25,1213.25,1213.25,2,1,2426.5
2021-11-10 02:19:00-05:00,1213.0,1213.25,1213.0,1213.25,10,7,12132.0
2021-11-10 02:20:00-05:00,1213.5,1213.75,1213.5,1213.75,36,5,43686.5
2021-11-10 02:21:00-05:00,1214.0,1214.25,1214.0,1214.25,23,7,27927.5
2021-11-10 02:22:00-05:00,1214.0,1214.25,1214.0,1214.25,6,4,7285.0
2021-11-10 02:23:00-05:00,1214.25,1214.25,1214.25,1214.25,1,1,1214.25
2021-11-10 02:24:00-05:00,1214.0,1214.25,1214.0,1214.0,17,11,20639.75
2021-11-10 02:25:00-05:00,1214.0,1214.25,1214.0,1214.25,4,3,4856.75
2021-11-10 02:26:00-05:00,1214.0,1214.0,1214.0,1214.0,34,29,41276.0
2021-11-10 02:27:00-05:00,1214.0,1214.0,1214.0,1214.0,21,2,25494.0
2021-11-10 02:28:00-05:00,1214.25,1214.25,1214.0,1214.0,15,4,18213.0
2021-11-10 02:29:00-05:00,1214.0,1214.0,1214.0,1214.0,3,2,3642.0
2021-11-10 02:30:00-05:00,1214.0,1214.0,1214.0,1214.0,3,2,3642.0
2021-11-10 02:31:00-05:00,1214.0,1214.0,1214.0,1214.0,50,36,60700.0
2021-11-10 02:32:00-05:00,1213.75,1214.0,1213.75,1214.0,5,4,6069.5
2021-11-10 02:33:00-05:00,1214.0,1214.25,1214.0,1214.25,7,5,8499.25
2021-11-10 02:34:00-05:00,1214.25,1214.25,1214.25,1214.25,2,1,2428.5
2021-11-10 02:35:00-05:00,1214.5,1214.5,1214.0,1214.0,3,3,3643.0
2021-11-10 02:36:00-05:00,1214.0,1214.0,1214.0,1214.0,3,1,3642.0
2021-11-10 02:38:00-05:00,1213.75,1213.75,1213.75,1213.75,1,1,1213.75
2021-11-10 02:39:00-05:00,1213.75,1213.75,1213.75,1213.75,3,1,3641.25
2021-11-10 02:40:00-05:00,1213.5,1213.5,1213.0,1213.0,38,6,46105.25
2021-11-10 02:41:00-05:00,1213.25,1213.25,1213.25,1213.25,19,2,23051.75
2021-11-10 02:42:00-05:00,1213.25,1213.25,1212.0,1212.0,42,5,50927.0
2021-11-10 02:43:00-05:00,1212.25,1212.25,1212.25,1212.25,3,2,3636.75
2021-11-10 02:44:00-05:00,1212.0,1212.0,1212.0,1212.0,1,1,1212.0
2021-11-10 02:45:00-05:00,1212.0,1212.0,1212.0,1212.0,4,1,4848.0
2021-11-10 02:46:00-05:00,1212.25,1212.5,1212.0,1212.5,14,5,16970.25
2021-11-10 02:47:00-05:00,1212.75,1212.75,1212.75,1212.75,3,1,3638.25
2021-11-10 02:49:00-05:00,1212.5,1212.5,1212.5,1212.5,4,4,4850.0
2021-11-10 02:50:00-05:00,1212.75,1213.0,1212.75,1213.0,6,6,7276.75
2021-11-10 02:51:00-05:00,1212.75,1213.0,1212.5,1213.0,17,8,20617.25
2021-11-10 02:52:00-05:00,1213.0,1213.0,1212.75,1212.75,9,4,10916.0
2021-11-10 02:53:00-05:00,1212.5,1212.5,1212.25,1212.5,13,5,15762.25
2021-11-10 02:54:00-05:00,1212.5,1212.5,1212.0,1212.0,11,5,13335.0
2021-11-10 02:55:00-05:00,1212.25,1212.5,1212.25,1212.5,7,7,8486.75
2021-11-10 02:56:00-05:00,1212.25,1212.25,1211.5,1211.5,79,27,95747.0
2021-11-10 02:57:00-05:00,1211.75,1212.0,1211.75,1212.0,38,18,46052.5
2021-11-10 02:58:00-05:00,1212.0,1212.25,1212.0,1212.25,21,13,25454.25
2021-11-10 02:59:00-05:00,1212.25,1212.25,1212.25,1212.25,2,2,2424.5
2021-11-10 03:00:00-05:00,1212.5,1213.0,1212.5,1213.0,16,10,19402.25
2021-11-10 03:01:00-05:00,1213.25,1213.25,1213.25,1213.25,7,3,8492.75
2021-11-10 03:02:00-05:00,1213.5,1213.5,1213.25,1213.25,7,3,8493.75
2021-11-10 03:03:00-05:00,1213.25,1213.25,1213.25,1213.25,1,1,1213.25
2021-11-10 03:04:00-05:00,1213.0,1213.25,1213.0,1213.0,5,3,6065.75
2021-11-10 03:05:00-05:00,1213.25,1213.25,1213.25,1213.25,4,1,4853.0
2021-11-10 03:06:00-05:00,1213.25,1213.25,1213.0,1213.0,20,2,24261.25
2021-11-10 03:07:00-05:00,1213.25,1213.25,1213.25,1213.25,3,1,3639.75
2021-11-10 03:08:00-05:00,1213.25,1214.0,1213.25,1214.0,10,4,12135.5
2021-11-10 03:09:00-05:00,1214.25,1214.5,1214.0,1214.25,12,6,14571.5
2021-11-10 03:11:00-05:00,1214.25,1214.25,1214.0,1214.0,11,6,13355.5
2021-11-10 03:12:00-05:00,1214.25,1214.25,1214.0,1214.0,5,3,6071.0
2021-11-10 03:15:00-05:00,1214.0,1214.0,1213.5,1213.75,5,4,6068.5
2021-11-10 03:16:00-05:00,1214.0,1214.0,1214.0,1214.0,2,1,2428.0
2021-11-10 03:17:00-05:00,1214.25,1214.25,1214.25,1214.25,2,2,2428.5
2021-11-10 03:18:00-05:00,1214.25,1214.25,1214.0,1214.0,4,4,4856.5
2021-11-10 03:19:00-05:00,1214.0,1214.25,1214.0,1214.0,8,5,9712.25
2021-11-10 03:20:00-05:00,1214.25,1214.75,1214.25,1214.75,46,8,55867.5
2021-11-10 03:21:00-05:00,1214.75,1214.75,1214.75,1214.75,13,4,15791.75
2021-11-10 03:22:00-05:00,1214.5,1214.5,1214.5,1214.5,3,2,3643.5
2021-11-10 03:23:00-05:00,1214.75,1215.25,1214.75,1215.25,76,15,92343.0
2021-11-10 03:24:00-05:00,1215.25,1215.5,1215.25,1215.25,13,4,15800.0
2021-11-10 03:25:00-05:00,1215.5,1215.75,1215.5,1215.75,7,4,8509.0
2021-11-10 03:26:00-05:00,1215.5,1215.5,1215.25,1215.25,5,4,6077.25
2021-11-10 03:27:00-05:00,1215.25,1215.25,1215.25,1215.25,2,2,2430.5
2021-11-10 03:29:00-05:00,1215.5,1215.5,1215.25,1215.25,6,4,7292.75
2021-11-10 03:30:00-05:00,1215.75,1215.75,1215.75,1215.75,7,2,8510.25
2021-11-10 03:31:00-05:00,1215.75,1215.75,1215.5,1215.5,24,11,29176.75
2021-11-10 03:32:00-05:00,1215.5,1215.5,1215.25,1215.5,3,3,3646.25
2021-11-10 03:33:00-05:00,1215.5,1215.5,1215.25,1215.25,6,4,7292.25
2021-11-10 03:34:00-05:00,1215.25,1215.25,1215.25,1215.25,4,2,4861.0
2021-11-10 03:35:00-05:00,1215.0,1215.5,1215.0,1215.5,10,5,12152.75
2021-11-10 03:36:00-05:00,1215.5,1215.5,1215.25,1215.25,11,3,13369.75
2021-11-10 03:37:00-05:00,1215.25,1215.25,1215.25,1215.25,3,1,3645.75
2021-11-10 03:38:00-05:00,1215.75,1216.25,1215.75,1216.25,44,20,53506.0
2021-11-10 03:39:00-05:00,1216.25,1217.5,1216.25,1217.0,191,61,232437.5
2021-11-10 03:40:00-05:00,1216.75,1217.0,1216.75,1217.0,12,7,14603.25
2021-11-10 03:41:00-05:00,1216.75,1217.0,1216.75,1216.75,35,13,42591.5
2021-11-10 03:42:00-05:00,1216.5,1217.25,1216.5,1216.75,56,6,68151.25
2021-11-10 03:43:00-05:00,1216.75,1216.75,1216.25,1216.25,54,13,65693.25
2021-11-10 03:45:00-05:00,1216.25,1216.5,1216.25,1216.5,13,8,15811.5
2021-11-10 03:46:00-05:00,1216.5,1216.5,1216.25,1216.25,28,15,34057.0
2021-11-10 03:47:00-05:00,1216.25,1216.25,1215.75,1216.0,26,24,31616.25
2021-11-10 03:48:00-05:00,1216.0,1216.0,1215.25,1215.5,176,25,213939.0
2021-11-10 03:49:00-05:00,1215.5,1215.5,1215.5,1215.5,3,1,3646.5
2021-11-10 03:50:00-05:00,1215.25,1215.25,1215.25,1215.25,2,2,2430.5
2021-11-10 03:51:00-05:00,1215.25,1215.25,1215.25,1215.25,6,6,7291.5
2021-11-10 03:52:00-05:00,1215.25,1215.25,1214.25,1214.75,129,24,156712.25
2021-11-10 03:53:00-05:00,1214.75,1215.0,1214.75,1215.0,9,3,10934.0
2021-11-10 03:54:00-05:00,1214.75,1214.75,1214.75,1214.75,3,2,3644.25
2021-11-10 03:55:00-05:00,1214.75,1214.75,1214.75,1214.75,2,2,2429.5
2021-11-10 03:58:00-05:00,1214.5,1214.5,1214.25,1214.25,7,4,8500.25
2021-11-10 03:59:00-05:00,1214.75,1214.75,1214.75,1214.75,5,3,6073.75
2021-11-10 04:04:00-05:00,1214.5,1214.5,1214.5,1214.5,16,8,19432.0
2021-11-10 04:05:00-05:00,1214.5,1214.75,1214.5,1214.5,18,5,21864.0
2021-11-10 04:06:00-05:00,1214.5,1214.5,1214.5,1214.5,1,1,1214.5
2021-11-10 04:07:00-05:00,1214.5,1214.5,1214.5,1214.5,1,1,1214.5
2021-11-10 04:08:00-05:00,1214.5,1214.5,1214.25,1214.25,5,5,6072.0
2021-11-10 04:09:00-05:00,1214.25,1214.25,1214.0,1214.25,8,4,9712.75
2021-11-10 04:10:00-05:00,1214.0,1214.25,1213.75,1214.0,14,7,16994.25
2021-11-10 04:12:00-05:00,1214.0,1214.0,1214.0,1214.0,1,1,1214.0
2021-11-10 04:14:00-05:00,1214.25,1214.25,1214.25,1214.25,4,4,4857.0
2021-11-10 04:16:00-05:00,1214.0,1214.0,1213.75,1214.0,9,6,10925.75
2021-11-10 04:17:00-05:00,1214.0,1214.0,1214.0,1214.0,2,2,2428.0
2021-11-10 04:18:00-05:00,1214.0,1214.0,1213.75,1213.75,25,5,30344.25
2021-11-10 04:19:00-05:00,1213.75,1214.0,1213.75,1214.0,4,3,4855.5
2021-11-10 04:20:00-05:00,1213.75,1213.75,1213.75,1213.75,4,3,4855.0
2021-11-10 04:21:00-05:00,1213.75,1213.75,1213.25,1213.25,82,20,99512.75
2021-11-10 04:22:00-05:00,1213.25,1213.25,1213.0,1213.0,16,8,19409.75
2021-11-10 04:23:00-05:00,1212.75,1212.75,1212.5,1212.75,12,7,14551.25
2021-11-10 04:24:00-05:00,1212.5,1213.0,1212.5,1213.0,16,10,19405.75
2021-11-10 04:25:00-05:00,1212.75,1212.75,1212.75,1212.75,1,1,1212.75
2021-11-10 04:26:00-05:00,1212.75,1213.0,1212.75,1213.0,4,4,4851.25
2021-11-10 04:27:00-05:00,1212.5,1212.5,1212.5,1212.5,1,1,1212.5
2021-11-10 04:28:00-05:00,1212.75,1213.25,1212.75,1213.25,14,7,16980.5
2021-11-10 04:29:00-05:00,1213.0,1213.0,1213.0,1213.0,3,3,3639.0
2021-11-10 04:30:00-05:00,1213.0,1213.25,1213.0,1213.25,5,5,6065.75
2021-11-10 04:31:00-05:00,1213.25,1213.5,1213.25,1213.25,13,4,15772.5
2021-11-10 04:32:00-05:00,1213.0,1213.25,1212.75,1213.25,13,9,15769.25
2021-11-10 04:33:00-05:00,1213.25,1213.25,1213.25,1213.25,2,2,2426.5
2021-11-10 04:34:00-05:00,1213.25,1213.25,1213.0,1213.25,12,8,14557.5
2021-11-10 04:35:00-05:00,1213.25,1213.25,1213.25,1213.25,3,3,3639.75
2021-11-10 04:36:00-05:00,1213.25,1213.25,1213.25,1213.25,2,2,2426.5
2021-11-10 04:37:00-05:00,1213.25,1213.25,1213.25,1213.25,1,1,1213.25
2021-11-10 04:38:00-05:00,1213.0,1213.0,1213.0,1213.0,7,4,8491.0
2021-11-10 04:39:00-05:00,1212.75,1213.0,1212.5,1213.0,26,11,31531.5
2021-11-10 04:40:00-05:00,1212.75,1213.0,1212.75,1212.75,13,4,15766.5
2021-11-10 04:41:00-05:00,1212.5,1212.5,1212.5,1212.5,3,2,3637.5
2021-11-10 04:42:00-05:00,1212.5,1212.5,1212.5,1212.5,2,2,2425.0
2021-11-10 04:43:00-05:00,1212.5,1212.75,1212.5,1212.75,4,2,4850.75
2021-11-10 04:44:00-05:00,1212.5,1212.5,1212.0,1212.0,10,6,12122.25
2021-11-10 04:45:00-05:00,1212.0,1212.0,1211.75,1211.75,6,2,7271.5
2021-11-10 04:46:00-05:00,1211.5,1211.5,1211.5,1211.5,21,9,25441.5
2021-11-10 04:47:00-05:00,1211.5,1211.5,1211.5,1211.5,1,1,1211.5
2021-11-10 04:48:00-05:00,1211.5,1212.0,1211.5,1212.0,68,16,82389.25
2021-11-10 04:49:00-05:00,1211.75,1212.25,1211.75,1212.25,15,10,18181.0
2021-11-10 04:51:00-05:00,1212.5,1212.75,1212.5,1212.75,28,7,33954.0
2021-11-10 04:52:00-05:00,1212.5,1212.5,1212.25,1212.25,5,3,6062.0
2021-11-10 04:53:00-05:00,1212.5,1212.75,1212.5,1212.5,13,11,15764.75
2021-11-10 04:54:00-05:00,1212.25,1212.5,1212.0,1212.25,16,9,19395.5
2021-11-10 04:55:00-05:00,1212.25,1212.25,1212.0,1212.0,4,4,4848.25
2021-11-10 04:56:00-05:00,1212.0,1212.25,1212.0,1212.25,5,3,6061.0
2021-11-10 04:57:00-05:00,1212.25,1212.25,1212.25,1212.25,2,2,2424.5
2021-11-10 04:58:00-05:00,1212.25,1212.25,1212.25,1212.25,2,2,2424.5
2021-11-10 04:59:00-05:00,1212.25,1212.25,1211.75,1212.0,13,7,15755.0
2021-11-10 05:00:00-05:00,1211.75,1212.0,1211.75,1211.75,4,4,4847.25
2021-11-10 05:01:00-05:00,1211.75,1211.75,1211.75,1211.75,6,1,7270.5
2021-11-10 05:02:00-05:00,1211.75,1212.0,1211.75,1212.0,3,2,3635.75
2021-11-10 05:03:00-05:00,1212.0,1212.0,1211.75,1211.75,63,14,76341.25
2021-11-10 05:04:00-05:00,1211.5,1211.75,1211.5,1211.75,29,6,35140.25
2021-11-10 05:05:00-05:00,1212.25,1212.25,1212.25,1212.25,3,2,3636.75
2021-11-10 05:06:00-05:00,1212.25,1212.25,1212.0,1212.0,5,4,6060.5
2021-11-10 05:08:00-05:00,1212.0,1212.0,1212.0,1212.0,2,2,2424.0
2021-11-10 05:09:00-05:00,1212.0,1212.0,1211.5,1211.5,13,7,15752.25
2021-11-10 05:10:00-05:00,1211.75,1211.75,1211.75,1211.75,2,1,2423.5
2021-11-10 05:13:00-05:00,1212.0,1212.25,1212.0,1212.25,3,3,3636.5
2021-11-10 05:14:00-05:00,1212.25,1212.5,1211.75,1212.0,64,18,77570.0
2021-11-10 05:15:00-05:00,1211.75,1212.0,1211.75,1212.0,12,5,14541.75
2021-11-10 05:16:00-05:00,1212.25,1212.25,1212.25,1212.25,1,1,1212.25
2021-11-10 05:19:00-05:00,1212.0,1212.0,1211.75,1212.0,12,5,14542.0
2021-11-10 05:21:00-05:00,1212.25,1212.5,1212.25,1212.5,7,3,8486.0
2021-11-10 05:22:00-05:00,1212.5,1212.5,1212.5,1212.5,1,1,1212.5
2021-11-10 05:23:00-05:00,1212.5,1212.75,1212.5,1212.5,23,8,27889.75
2021-11-10 05:24:00-05:00,1212.5,1212.5,1212.5,1212.5,4,1,4850.0
2021-11-10 05:25:00-05:00,1212.5,1212.5,1212.5,1212.5,3,2,3637.5
2021-11-10 05:27:00-05:00,1212.25,1212.25,1212.25,1212.25,1,1,1212.25
2021-11-10 05:28:00-05:00,1212.5,1212.5,1212.5,1212.5,2,1,2425.0
2021-11-10 05:29:00-05:00,1212.25,1212.25,1212.0,1212.0,10,6,12121.0
2021-11-10 05:31:00-05:00,1212.0,1212.25,1212.0,1212.25,3,2,3636.5
2021-11-10 05:34:00-05:00,1212.0,1212.0,1212.0,1212.0,5,2,6060.0
2021-11-10 05:35:00-05:00,1211.75,1212.0,1211.75,1212.0,4,2,4847.75
2021-11-10 05:36:00-05:00,1212.25,1212.5,1212.25,1212.5,10,2,12123.5
2021-11-10 05:37:00-05:00,1212.5,1212.5,1212.5,1212.5,5,1,6062.5
2021-11-10 05:38:00-05:00,1212.75,1212.75,1212.75,1212.75,1,1,1212.75
2021-11-10 05:39:00-05:00,1212.25,1212.25,1212.25,1212.25,3,1,3636.75
2021-11-10 05:40:00-05:00,1212.25,1212.25,1212.25,1212.25,1,1,1212.25
2021-11-10 05:41:00-05:00,1212.0,1212.0,1212.0,1212.0,5,3,6060.0
2021-11-10 05:44:00-05:00,1211.75,1211.75,1211.75,1211.75,13,6,15752.75
2021-11-10 05:45:00-05:00,1211.75,1212.0,1211.75,1212.0,3,3,3635.75
2021-11-10 05:46:00-05:00,1212.0,1212.0,1212.0,1212.0,3,1,3636.0
2021-11-10 05:47:00-05:00,1212.0,1212.0,1212.0,1212.0,1,1,1212.0
2021-11-10 05:48:00-05:00,1211.75,1211.75,1211.75,1211.75,2,2,2423.5
2021-11-10 05:49:00-05:00,1211.75,1211.75,1211.5,1211.5,6,4,7269.25
2021-11-10 05:50:00-05:00,1211.75,1211.75,1211.5,1211.5,19,9,23018.75
2021-11-10 05:51:00-05:00,1211.75,1211.75,1211.75,1211.75,1,1,1211.75
2021-11-10 05:53:00-05:00,1211.5,1211.5,1211.5,1211.5,32,8,38768.0
2021-11-10 05:54:00-05:00,1211.5,1211.5,1211.25,1211.25,10,10,12113.75
2021-11-10 05:55:00-05:00,1211.5,1211.5,1211.5,1211.5,2,1,2423.0
2021-11-10 05:56:00-05:00,1211.5,1211.5,1211.5,1211.5,2,2,2423.0
2021-11-10 05:57:00-05:00,1211.5,1211.75,1211.5,1211.75,10,3,12117.25
2021-11-10 05:58:00-05:00,1211.75,1211.75,1211.5,1211.5,4,2,4846.25
2021-11-10 05:59:00-05:00,1211.75,1212.0,1211.25,1211.25,86,25,104192.75
2021-11-10 06:00:00-05:00,1211.0,1211.0,1211.0,1211.0,6,2,7266.0
2021-11-10 06:01:00-05:00,1211.0,1211.0,1210.5,1211.0,36,13,43594.0
2021-11-10 06:02:00-05:00,1211.0,1211.0,1211.0,1211.0,4,1,4844.0
2021-11-10 06:03:00-05:00,1211.0,1211.0,1211.0,1211.0,27,14,32697.0
2021-11-10 06:04:00-05:00,1211.0,1211.0,1210.75,1210.75,10,4,12108.5
2021-11-10 06:05:00-05:00,1210.75,1211.0,1210.75,1210.75,12,6,14529.25
2021-11-10 06:07:00-05:00,1210.5,1210.5,1210.25,1210.5,12,8,14525.5
2021-11-10 06:08:00-05:00,1210.5,1210.5,1210.5,1210.5,1,1,1210.5
2021-11-10 06:09:00-05:00,1210.25,1210.25,1210.0,1210.0,23,14,27835.25
2021-11-10 06:11:00-05:00,1210.25,1210.25,1210.25,1210.25,6,4,7261.5
2021-11-10 06:12:00-05:00,1210.25,1210.25,1210.0,1210.25,4,4,4840.5
2021-11-10 06:13:00-05:00,1210.0,1210.0,1209.75,1210.0,38,11,45979.0
2021-11-10 06:14:00-05:00,1210.25,1210.25,1210.0,1210.0,10,4,12101.5
2021-11-10 06:15:00-05:00,1210.0,1210.0,1210.0,1210.0,4,4,4840.0
2021-11-10 06:16:00-05:00,1210.0,1210.0,1210.0,1210.0,5,3,6050.0
2021-11-10 06:17:00-05:00,1210.25,1210.25,1210.0,1210.0,11,3,13311.5
2021-11-10 06:18:00-05:00,1210.25,1210.25,1210.25,1210.25,11,4,13312.75
2021-11-10 06:19:00-05:00,1210.0,1210.25,1210.0,1210.0,56,21,67761.75
2021-11-10 06:21:00-05:00,1210.0,1210.0,1210.0,1210.0,2,2,2420.0
2021-11-10 06:22:00-05:00,1210.0,1210.0,1209.75,1209.75,13,6,15728.25
2021-11-10 06:23:00-05:00,1210.0,1210.25,1210.0,1210.25,9,5,10891.25
2021-11-10 06:25:00-05:00,1210.0,1210.0,1210.0,1210.0,8,5,9680.0
2021-11-10 06:26:00-05:00,1210.0,1210.0,1209.75,1209.75,2,2,2419.75
2021-11-10 06:27:00-05:00,1210.0,1210.0,1210.0,1210.0,8,4,9680.0
2021-11-10 06:29:00-05:00,1210.0,1210.0,1210.0,1210.0,1,1,1210.0
2021-11-10 06:30:00-05:00,1210.0,1210.0,1210.0,1210.0,1,1,1210.0
2021-11-10 06:31:00-05:00,1210.0,1210.5,1210.0,1210.5,17,7,20574.75
2021-11-10 06:32:00-05:00,1210.25,1210.25,1210.25,1210.25,2,1,2420.5
2021-11-10 06:33:00-05:00,1210.25,1210.25,1210.25,1210.25,1,1,1210.25
2021-11-10 06:34:00-05:00,1210.5,1211.0,1210.5,1210.75,31,15,37530.5
2021-11-10 06:35:00-05:00,1210.5,1210.5,1210.5,1210.5,1,1,1210.5
2021-11-10 06:36:00-05:00,1210.75,1210.75,1210.75,1210.75,2,1,2421.5
2021-11-10 06:37:00-05:00,1210.75,1210.75,1210.75,1210.75,1,1,1210.75
2021-11-10 06:38:00-05:00,1210.75,1210.75,1210.75,1210.75,4,3,4843.0
2021-11-10 06:39:00-05:00,1210.5,1210.5,1210.5,1210.5,17,3,20578.5
2021-11-10 06:40:00-05:00,1210.5,1211.0,1210.5,1210.5,10,5,12106.5
2021-11-10 06:41:00-05:00,1210.5,1210.5,1210.25,1210.25,4,3,4841.5
2021-11-10 06:42:00-05:00,1210.25,1210.25,1210.0,1210.25,32,7,38726.75
2021-11-10 06:43:00-05:00,1210.5,1210.75,1210.5,1210.75,3,3,3632.0
2021-11-10 06:44:00-05:00,1210.5,1210.5,1210.5,1210.5,1,1,1210.5
2021-11-10 06:45:00-05:00,1210.5,1210.5,1210.5,1210.5,1,1,1210.5
2021-11-10 06:46:00-05:00,1210.5,1210.5,1210.5,1210.5,5,4,6052.5
2021-11-10 06:48:00-05:00,1210.75,1210.75,1210.5,1210.5,3,3,3631.75
2021-11-10 06:50:00-05:00,1210.5,1210.5,1210.5,1210.5,2,2,2421.0
2021-11-10 06:51:00-05:00,1210.25,1210.75,1210.25,1210.75,19,8,22998.75
2021-11-10 06:52:00-05:00,1211.0,1211.0,1211.0,1211.0,7,2,8477.0
2021-11-10 06:53:00-05:00,1211.0,1211.0,1211.0,1211.0,16,7,19376.0
2021-11-10 06:54:00-05:00,1210.75,1210.75,1210.75,1210.75,7,4,8475.25
2021-11-10 06:55:00-05:00,1211.0,1211.25,1211.0,1211.25,26,15,31486.75
2021-11-10 06:56:00-05:00,1211.5,1211.5,1211.25,1211.5,19,8,23017.25
2021-11-10 06:57:00-05:00,1211.25,1211.5,1211.25,1211.5,7,3,8480.0
2021-11-10 06:58:00-05:00,1211.5,1211.5,1211.25,1211.5,3,3,3634.25
2021-11-10 06:59:00-05:00,1211.5,1211.5,1211.5,1211.5,1,1,1211.5
2021-11-10 07:01:00-05:00,1211.25,1211.25,1211.0,1211.0,10,2,12111.5
2021-11-10 07:02:00-05:00,1211.25,1211.25,1211.0,1211.0,3,3,3633.25
2021-11-10 07:03:00-05:00,1211.0,1211.0,1211.0,1211.0,14,9,16954.0
2021-11-10 07:04:00-05:00,1211.0,1211.0,1210.5,1210.5,22,14,26637.0
2021-11-10 07:05:00-05:00,1210.75,1211.0,1210.75,1210.75,21,13,25426.0
2021-11-10 07:06:00-05:00,1210.5,1210.5,1210.5,1210.5,13,5,15736.5
2021-11-10 07:07:00-05:00,1210.5,1210.75,1210.5,1210.5,139,22,168260.25
2021-11-10 07:08:00-05:00,1210.75,1210.75,1210.5,1210.5,22,8,26631.5
2021-11-10 07:09:00-05:00,1210.25,1210.25,1210.0,1210.0,89,29,107694.25
2021-11-10 07:10:00-05:00,1210.0,1210.0,1209.75,1210.0,43,32,52029.75
2021-11-10 07:11:00-05:00,1209.75,1209.75,1209.75,1209.75,62,17,75004.5
2021-11-10 07:12:00-05:00,1209.75,1210.0,1209.75,1210.0,20,11,24199.0
2021-11-10 07:13:00-05:00,1210.0,1210.0,1210.0,1210.0,28,21,33880.0
2021-11-10 07:14:00-05:00,1209.75,1209.75,1209.75,1209.75,8,4,9678.0
2021-11-10 07:15:00-05:00,1209.75,1209.75,1209.75,1209.75,7,4,8468.25
2021-11-10 07:16:00-05:00,1209.75,1209.75,1209.5,1209.75,28,10,33872.0
2021-11-10 07:17:00-05:00,1209.75,1209.75,1209.75,1209.75,9,6,10887.75
2021-11-10 07:18:00-05:00,1209.75,1209.75,1209.75,1209.75,3,3,3629.25
2021-11-10 07:19:00-05:00,1210.0,1210.0,1210.0,1210.0,23,7,27830.0
2021-11-10 07:20:00-05:00,1210.0,1210.25,1210.0,1210.25,13,3,15732.5
2021-11-10 07:21:00-05:00,1210.0,1210.0,1210.0,1210.0,1,1,1210.0
2021-11-10 07:22:00-05:00,1210.0,1210.0,1210.0,1210.0,4,1,4840.0
2021-11-10 07:23:00-05:00,1210.0,1210.0,1210.0,1210.0,8,3,9680.0
2021-11-10 07:25:00-05:00,1210.0,1210.0,1210.0,1210.0,6,4,7260.0
2021-11-10 07:26:00-05:00,1210.0,1210.25,1210.0,1210.25,2,2,2420.25
2021-11-10 07:27:00-05:00,1209.75,1210.0,1209.75,1210.0,4,2,4839.75
2021-11-10 07:28:00-05:00,1209.75,1209.75,1209.75,1209.75,3,3,3629.25
2021-11-10 07:29:00-05:00,1209.75,1210.0,1209.75,1210.0,7,4,8468.5
2021-11-10 07:30:00-05:00,1210.0,1210.25,1210.0,1210.25,151,35,182742.25
2021-11-10 07:31:00-05:00,1210.25,1210.5,1210.25,1210.25,20,9,24206.0
2021-11-10 07:33:00-05:00,1210.0,1210.0,1209.75,1210.0,57,25,68966.25
2021-11-10 07:34:00-05:00,1210.25,1210.25,1210.0,1210.25,9,7,10891.5
2021-11-10 07:35:00-05:00,1210.25,1210.75,1210.0,1210.75,19,11,23000.25
2021-11-10 07:36:00-05:00,1210.75,1210.75,1210.25,1210.25,8,7,9684.25
2021-11-10 07:37:00-05:00,1210.25,1210.75,1210.25,1210.5,14,5,16947.0
2021-11-10 07:39:00-05:00,1210.75,1210.75,1210.75,1210.75,2,1,2421.5
2021-11-10 07:40:00-05:00,1210.75,1211.0,1210.5,1210.75,5,4,6053.75
2021-11-10 07:41:00-05:00,1211.0,1211.0,1210.75,1210.75,15,5,18164.0
2021-11-10 07:42:00-05:00,1211.0,1211.0,1210.75,1210.75,88,28,106567.5
2021-11-10 07:43:00-05:00,1211.0,1211.0,1211.0,1211.0,14,9,16954.0
2021-11-10 07:44:00-05:00,1211.0,1211.25,1210.75,1210.75,24,17,29064.0
2021-11-10 07:45:00-05:00,1210.75,1210.75,1210.75,1210.75,3,3,3632.25
2021-11-10 07:46:00-05:00,1211.0,1211.0,1210.75,1210.75,4,2,4843.25
2021-11-10 07:47:00-05:00,1211.0,1211.25,1210.75,1210.75,20,9,24219.75
2021-11-10 07:48:00-05:00,1210.75,1210.75,1210.75,1210.75,19,14,23004.25
2021-11-10 07:49:00-05:00,1210.75,1211.0,1210.5,1210.5,25,13,30268.75
2021-11-10 07:50:00-05:00,1210.75,1211.0,1210.75,1210.75,21,7,25428.0
2021-11-10 07:51:00-05:00,1210.5,1210.5,1209.75,1209.75,67,12,81093.5
2021-11-10 07:52:00-05:00,1209.5,1209.5,1209.5,1209.5,22,9,26609.0
2021-11-10 07:53:00-05:00,1209.75,1209.75,1209.25,1209.25,60,18,72557.5
2021-11-10 07:54:00-05:00,1209.5,1209.75,1209.5,1209.75,23,12,27823.0
2021-11-10 07:55:00-05:00,1210.0,1210.0,1209.5,1209.5,65,13,78620.25
2021-11-10 07:56:00-05:00,1209.75,1209.75,1209.75,1209.75,3,2,3629.25
2021-11-10 07:57:00-05:00,1210.0,1210.25,1210.0,1210.25,10,8,12100.75
2021-11-10 07:58:00-05:00,1210.5,1210.75,1210.5,1210.75,10,5,12106.5
2021-11-10 07:59:00-05:00,1211.0,1211.0,1210.75,1210.75,24,14,29062.5
2021-11-10 08:00:00-05:00,1210.75,1212.0,1210.75,1212.0,131,97,158705.75
2021-11-10 08:01:00-05:00,1212.0,1212.25,1211.75,1211.75,23,18,27874.75
2021-11-10 08:02:00-05:00,1211.75,1212.0,1211.75,1212.0,4,3,4847.5
2021-11-10 08:03:00-05:00,1211.5,1211.5,1211.25,1211.25,19,10,23015.75
2021-11-10 08:04:00-05:00,1211.5,1211.75,1211.5,1211.5,14,10,16962.0
2021-11-10 08:05:00-05:00,1211.5,1211.5,1211.5,1211.5,5,4,6057.5
2021-11-10 08:06:00-05:00,1211.75,1211.75,1211.25,1211.25,36,12,43612.0
2021-11-10 08:07:00-05:00,1211.5,1211.75,1211.5,1211.5,31,19,37559.0
2021-11-10 08:08:00-05:00,1211.5,1211.75,1211.25,1211.5,42,24,50880.5
2021-11-10 08:09:00-05:00,1211.5,1212.0,1210.75,1210.75,83,19,100536.0
2021-11-10 08:10:00-05:00,1211.0,1211.5,1211.0,1211.5,5,4,6056.25
2021-11-10 08:11:00-05:00,1211.75,1211.75,1211.5,1211.75,19,12,23021.0
2021-11-10 08:12:00-05:00,1211.5,1212.25,1211.5,1212.25,70,33,84840.5
2021-11-10 08:13:00-05:00,1212.5,1213.5,1212.5,1213.0,169,46,204992.25
2021-11-10 08:14:00-05:00,1213.0,1213.25,1212.75,1213.25,45,29,54587.75
2021-11-10 08:15:00-05:00,1213.0,1213.5,1213.0,1213.5,33,15,40035.0
2021-11-10 08:16:00-05:00,1213.5,1213.5,1213.25,1213.25,26,13,31546.0
2021-11-10 08:17:00-05:00,1213.5,1213.5,1213.25,1213.5,5,5,6067.25
2021-11-10 08:18:00-05:00,1213.25,1213.5,1213.0,1213.25,41,16,49746.25
2021-11-10 08:19:00-05:00,1213.25,1213.5,1213.25,1213.25,19,11,23054.75
2021-11-10 08:20:00-05:00,1213.5,1213.5,1213.0,1213.0,15,6,18199.0
2021-11-10 08:21:00-05:00,1213.0,1213.0,1212.25,1212.75,83,17,100665.25
2021-11-10 08:22:00-05:00,1212.75,1212.75,1212.25,1212.5,14,10,16975.25
2021-11-10 08:23:00-05:00,1212.5,1213.0,1212.5,1213.0,45,39,54564.25
2021-11-10 08:24:00-05:00,1213.25,1213.25,1212.75,1212.75,6,4,7278.5
2021-11-10 08:25:00-05:00,1212.75,1213.25,1212.5,1213.25,26,13,31533.75
2021-11-10 08:26:00-05:00,1213.25,1213.5,1212.75,1213.0,87,26,105541.0
2021-11-10 08:27:00-05:00,1212.75,1213.0,1212.5,1212.75,35,10,42447.5
2021-11-10 08:28:00-05:00,1213.0,1213.25,1212.75,1213.25,22,13,26685.25
2021-11-10 08:29:00-05:00,1213.5,1213.5,1213.25,1213.25,12,8,14560.25
2021-11-10 08:30:00-05:00,1213.25,1213.25,1212.5,1212.75,131,34,158896.75
2021-11-10 08:31:00-05:00,1212.5,1214.0,1212.5,1214.0,34,14,41249.0
2021-11-10 08:32:00-05:00,1214.0,1214.0,1213.5,1213.5,10,7,12136.5
2021-11-10 08:33:00-05:00,1213.75,1214.0,1213.5,1214.0,31,14,37631.25
2021-11-10 08:34:00-05:00,1214.25,1214.5,1213.75,1214.0,86,18,104417.75
2021-11-10 08:35:00-05:00,1213.75,1214.5,1213.75,1214.0,38,15,46138.0
2021-11-10 08:36:00-05:00,1214.25,1214.5,1214.0,1214.25,26,15,31570.5
2021-11-10 08:37:00-05:00,1214.25,1214.75,1213.75,1214.0,52,29,63141.25
2021-11-10 08:38:00-05:00,1213.5,1215.0,1213.5,1214.75,132,36,160262.75
2021-11-10 08:39:00-05:00,1214.75,1215.0,1214.5,1214.75,26,14,31584.25
2021-11-10 08:40:00-05:00,1215.0,1215.0,1214.75,1215.0,86,30,104485.5
2021-11-10 08:41:00-05:00,1215.0,1216.75,1215.0,1216.5,114,56,138605.0
2021-11-10 08:42:00-05:00,1216.25,1216.75,1216.0,1216.5,135,41,164213.0
2021-11-10 08:43:00-05:00,1216.5,1216.75,1215.0,1215.0,93,38,113072.0
2021-11-10 08:44:00-05:00,1215.0,1215.75,1214.75,1215.75,44,25,53467.5
2021-11-10 09:29:00-05:00,1216.0,1216.25,1215.5,1215.75,190,41,231024.75
2021-11-10 09:30:00-05:00,1215.75,1218.25,1215.0,1216.5,1562,505,1899904.5
2021-11-10 09:31:00-05:00,1216.5,1217.25,1214.0,1214.25,759,337,922776.75
2021-11-10 09:32:00-05:00,1214.25,1215.0,1213.25,1213.5,340,127,412842.25
2021-11-10 09:33:00-05:00,1213.25,1216.0,1213.0,1215.75,546,158,663032.25
2021-11-10 09:34:00-05:00,1216.0,1218.0,1216.0,1217.75,624,204,759598.75
2021-11-10 09:35:00-05:00,1218.0,1218.75,1217.5,1218.25,622,165,757755.0
2021-11-10 09:36:00-05:00,1218.5,1219.0,1218.0,1218.75,264,92,321680.5
2021-11-10 09:37:00-05:00,1218.75,1222.0,1218.75,1220.75,1451,331,1771449.25
2021-11-10 09:38:00-05:00,1221.0,1221.25,1218.75,1219.25,722,211,880974.0
2021-11-10 09:39:00-05:00,1219.25,1219.75,1218.0,1218.25,390,131,475371.0
2021-11-10 09:40:00-05:00,1218.25,1219.0,1217.75,1218.25,434,129,528799.5
2021-11-10 09:41:00-05:00,1218.0,1218.75,1217.75,1217.75,341,135,415396.0
2021-11-10 09:42:00-05:00,1217.75,1218.25,1215.75,1215.75,669,242,814022.5
2021-11-10 09:43:00-05:00,1216.0,1217.0,1215.75,1216.75,284,94,345499.75
2021-11-10 09:44:00-05:00,1216.5,1218.75,1216.5,1218.25,527,202,641533.25
2021-11-10 09:45:00-05:00,1218.25,1218.5,1216.0,1216.0,450,187,547861.75
2021-11-10 09:46:00-05:00,1216.0,1216.0,1215.0,1216.0,620,180,753489.25
2021-11-10 09:47:00-05:00,1215.75,1215.75,1214.5,1214.5,358,106,434938.25
2021-11-10 09:48:00-05:00,1214.5,1217.0,1214.5,1217.0,332,107,403655.75
2021-11-10 09:49:00-05:00,1216.75,1218.0,1216.75,1217.75,283,132,344567.75
2021-11-10 09:50:00-05:00,1217.5,1217.5,1216.25,1217.25,317,101,385743.5
2021-11-10 09:51:00-05:00,1217.0,1217.75,1217.0,1217.75,104,46,126595.5
2021-11-10 09:52:00-05:00,1218.0,1218.0,1217.5,1217.75,181,67,220405.75
2021-11-10 09:53:00-05:00,1218.0,1219.75,1217.75,1219.5,489,119,595953.5
2021-11-10 09:54:00-05:00,1219.25,1220.0,1219.25,1219.5,346,177,421982.75
2021-11-10 09:55:00-05:00,1219.75,1219.75,1217.0,1217.25,318,99,387398.25
2021-11-10 09:56:00-05:00,1217.5,1218.25,1216.75,1217.5,271,90,329961.5
2021-11-10 09:57:00-05:00,1217.25,1217.75,1217.0,1217.75,85,24,103471.5
2021-11-10 09:58:00-05:00,1217.5,1219.0,1217.5,1217.75,214,112,260712.25
2021-11-10 09:59:00-05:00,1218.0,1218.25,1216.75,1217.0,101,43,122979.5
2021-11-10 10:00:00-05:00,1217.25,1217.25,1216.0,1216.75,192,65,233561.0
2021-11-10 10:01:00-05:00,1216.75,1216.75,1216.25,1216.75,128,50,155732.0
2021-11-10 10:02:00-05:00,1216.75,1217.0,1216.0,1216.0,142,61,172735.5
2021-11-10 10:03:00-05:00,1216.25,1216.25,1214.5,1214.5,308,132,374253.25
2021-11-10 10:04:00-05:00,1215.0,1216.75,1214.75,1216.75,171,63,207871.25
2021-11-10 10:05:00-05:00,1216.75,1217.0,1216.5,1216.75,143,55,173988.25
2021-11-10 10:06:00-05:00,1216.75,1217.25,1216.5,1217.0,198,52,240966.5
2021-11-10 10:07:00-05:00,1217.0,1217.5,1216.75,1217.0,157,78,191054.25
2021-11-10 10:08:00-05:00,1217.0,1217.25,1216.75,1217.0,113,49,137506.5
2021-11-10 10:09:00-05:00,1217.0,1217.25,1216.0,1216.0,168,76,204385.75
2021-11-10 10:10:00-05:00,1215.75,1215.75,1213.75,1213.75,350,136,424982.0
2021-11-10 10:11:00-05:00,1213.75,1214.5,1213.75,1213.75,167,52,202724.25
2021-11-10 10:12:00-05:00,1213.75,1213.75,1212.5,1212.5,396,126,480348.0
2021-11-10 10:13:00-05:00,1212.5,1213.0,1212.0,1212.25,554,139,671637.25
2021-11-10 10:14:00-05:00,1212.25,1212.75,1212.0,1212.75,216,63,261874.75
2021-11-10 10:15:00-05:00,1212.5,1213.25,1212.5,1213.25,175,45,212249.25
2021-11-10 10:16:00-05:00,1213.0,1214.25,1213.0,1213.25,198,62,240293.0
2021-11-10 10:17:00-05:00,1213.5,1213.5,1212.5,1213.0,101,46,122497.0
2021-11-10 10:18:00-05:00,1212.75,1212.75,1212.5,1212.5,31,19,37590.75
2021-11-10 10:19:00-05:00,1212.75,1213.0,1212.75,1212.75,30,23,36384.5
2021-11-10 10:20:00-05:00,1212.75,1213.75,1212.5,1213.75,139,44,168613.25
2021-11-10 10:21:00-05:00,1213.5,1214.25,1213.25,1214.0,75,29,91024.5
2021-11-10 10:22:00-05:00,1214.0,1214.75,1214.0,1214.25,77,33,93510.0
2021-11-10 10:23:00-05:00,1214.5,1214.5,1214.0,1214.0,118,40,143275.5
2021-11-10 10:24:00-05:00,1214.0,1214.0,1212.5,1212.5,116,34,140744.25
2021-11-10 10:25:00-05:00,1212.5,1212.75,1212.0,1212.5,165,52,200023.75
2021-11-10 10:26:00-05:00,1212.5,1214.5,1212.5,1214.25,217,69,263342.0
2021-11-10 10:27:00-05:00,1214.25,1214.5,1214.0,1214.0,65,23,78929.75
2021-11-10 10:28:00-05:00,1213.75,1214.0,1213.25,1213.75,98,48,118944.0
2021-11-10 10:29:00-05:00,1213.75,1215.25,1213.75,1214.75,159,63,193138.0
2021-11-10 10:30:00-05:00,1214.5,1215.25,1214.25,1215.25,87,38,105680.25
2021-11-10 10:31:00-05:00,1215.0,1217.25,1215.0,1216.0,348,112,423325.25
2021-11-10 10:32:00-05:00,1216.0,1217.0,1216.0,1217.0,231,89,280990.25
2021-11-10 10:33:00-05:00,1216.75,1217.0,1216.25,1217.0,204,62,248193.5
2021-11-10 10:34:00-05:00,1216.75,1217.25,1216.25,1216.5,118,50,143586.25
2021-11-10 10:35:00-05:00,1216.5,1216.75,1216.5,1216.75,108,56,131396.5
2021-11-10 10:36:00-05:00,1216.75,1217.75,1216.75,1217.25,155,68,188671.0
2021-11-10 10:37:00-05:00,1217.25,1217.25,1216.75,1217.0,129,44,156993.5
2021-11-10 10:38:00-05:00,1217.0,1217.25,1216.75,1217.0,109,48,132643.25
2021-11-10 10:39:00-05:00,1217.0,1217.75,1217.0,1217.5,176,45,214280.0
2021-11-10 10:40:00-05:00,1217.25,1217.5,1216.75,1216.75,64,25,77902.0
2021-11-10 10:41:00-05:00,1216.75,1217.0,1216.0,1216.5,135,41,164224.25
2021-11-10 10:42:00-05:00,1216.75,1216.75,1215.25,1215.5,125,44,152000.0
2021-11-10 10:43:00-05:00,1215.5,1215.75,1215.25,1215.75,78,36,94805.75
2021-11-10 10:44:00-05:00,1216.0,1217.0,1216.0,1216.5,96,40,116786.5
2021-11-10 10:45:00-05:00,1216.5,1217.25,1216.25,1217.25,54,20,65701.25
2021-11-10 10:46:00-05:00,1217.5,1218.25,1217.5,1217.75,193,50,235031.75
2021-11-10 10:47:00-05:00,1218.0,1218.0,1217.25,1217.25,93,37,113236.5
2021-11-10 10:48:00-05:00,1217.25,1217.5,1215.5,1215.75,134,52,163022.25
2021-11-10 10:49:00-05:00,1216.0,1216.25,1215.5,1216.0,71,40,86325.75
2021-11-10 10:50:00-05:00,1215.75,1216.0,1214.5,1214.75,155,44,188382.75
2021-11-10 10:51:00-05:00,1214.75,1215.0,1214.75,1215.0,57,19,69250.0
2021-11-10 10:52:00-05:00,1214.75,1215.0,1214.75,1214.75,11,10,13363.5
2021-11-10 10:53:00-05:00,1214.75,1215.0,1214.25,1214.75,110,34,133611.0
2021-11-10 10:54:00-05:00,1214.75,1215.0,1214.5,1214.5,52,29,63168.5
2021-11-10 10:55:00-05:00,1214.5,1215.25,1214.25,1215.25,87,36,105678.25
2021-11-10 10:56:00-05:00,1215.25,1215.25,1214.75,1215.0,60,23,72893.75
2021-11-10 10:57:00-05:00,1215.0,1215.0,1214.5,1214.75,51,19,61957.25
2021-11-10 10:58:00-05:00,1214.75,1214.75,1214.25,1214.5,147,51,178522.0
2021-11-10 10:59:00-05:00,1214.75,1214.75,1214.25,1214.5,60,26,72868.25
2021-11-10 11:00:00-05:00,1214.75,1215.0,1214.5,1214.75,76,30,92325.25
2021-11-10 11:01:00-05:00,1214.75,1216.5,1214.75,1215.25,187,59,227334.25
2021-11-10 11:02:00-05:00,1215.0,1215.25,1214.75,1214.75,62,26,75337.0
2021-11-10 11:03:00-05:00,1214.75,1215.5,1214.75,1215.5,166,51,201685.25
2021-11-10 11:04:00-05:00,1215.75,1215.75,1215.25,1215.5,69,26,83866.25
2021-11-10 11:05:00-05:00,1215.5,1216.0,1215.5,1215.75,56,29,68081.5
2021-11-10 11:06:00-05:00,1215.5,1217.5,1215.25,1217.5,95,32,115546.75
2021-11-10 11:07:00-05:00,1217.5,1217.5,1216.5,1217.0,230,67,279932.75
2021-11-10 11:08:00-05:00,1216.75,1217.25,1216.75,1217.25,55,19,66932.75
2021-11-10 11:09:00-05:00,1217.25,1218.0,1217.0,1217.5,91,36,110792.75
2021-11-10 11:10:00-05:00,1217.5,1218.0,1217.5,1217.5,81,30,98635.25
2021-11-10 11:11:00-05:00,1217.5,1218.0,1217.25,1217.75,99,35,120531.25
2021-11-10 11:12:00-05:00,1217.75,1217.75,1217.0,1217.75,53,23,64525.5
2021-11-10 11:13:00-05:00,1217.75,1218.25,1217.75,1217.75,190,36,231412.5
2021-11-10 11:14:00-05:00,1217.75,1218.25,1217.5,1218.0,97,40,118133.75
2021-11-10 11:15:00-05:00,1217.75,1218.0,1217.5,1218.0,40,19,48712.5
2021-11-10 11:16:00-05:00,1218.0,1219.0,1218.0,1218.5,69,33,84085.5
2021-11-10 11:17:00-05:00,1218.5,1218.75,1218.25,1218.5,101,34,123069.0
2021-11-10 11:18:00-05:00,1218.75,1218.75,1218.25,1218.5,38,15,46303.75
2021-11-10 11:19:00-05:00,1218.75,1218.75,1218.0,1218.25,137,49,166923.25
2021-11-10 11:20:00-05:00,1218.0,1218.5,1218.0,1218.0,63,32,76747.0
2021-11-10 11:21:00-05:00,1218.25,1219.0,1218.0,1219.0,72,33,87726.5
2021-11-10 11:22:00-05:00,1219.0,1219.5,1218.75,1219.25,95,49,115811.0
2021-11-10 11:23:00-05:00,1219.5,1219.5,1219.0,1219.5,38,22,46334.5
2021-11-10 11:24:00-05:00,1219.25,1219.75,1219.25,1219.5,157,50,191486.75
2021-11-10 11:25:00-05:00,1219.5,1219.5,1219.0,1219.0,125,33,152407.5
2021-11-10 11:26:00-05:00,1219.0,1219.25,1218.75,1219.0,88,26,107271.0
2021-11-10 11:27:00-05:00,1219.0,1219.0,1218.75,1219.0,44,19,53635.75
2021-11-10 11:28:00-05:00,1219.0,1219.25,1219.0,1219.25,94,36,114606.25
2021-11-10 11:29:00-05:00,1219.0,1219.5,1219.0,1219.5,103,50,125574.0
2021-11-10 11:30:00-05:00,1219.25,1219.75,1219.0,1219.75,235,56,286600.25
2021-11-10 11:31:00-05:00,1219.75,1220.0,1219.5,1219.5,74,33,90260.25
2021-11-10 11:32:00-05:00,1219.25,1219.75,1219.0,1219.25,124,42,151180.0
2021-11-10 11:33:00-05:00,1219.0,1219.5,1218.75,1219.5,54,21,65830.25
2021-11-10 11:34:00-05:00,1219.5,1220.0,1219.5,1219.75,87,31,106111.75
2021-11-10 11:35:00-05:00,1219.75,1221.5,1219.75,1220.75,852,202,1040043.75
2021-11-10 11:36:00-05:00,1221.0,1221.0,1220.5,1220.75,91,42,111098.25
2021-11-10 11:37:00-05:00,1220.75,1220.75,1220.5,1220.75,25,11,30515.25
2021-11-10 11:38:00-05:00,1221.0,1221.0,1220.75,1220.75,46,28,56159.5
2021-11-10 11:39:00-05:00,1220.75,1221.25,1220.75,1221.0,73,32,89130.0
2021-11-10 11:40:00-05:00,1221.25,1222.5,1221.25,1222.0,667,130,815073.0
2021-11-10 11:41:00-05:00,1221.75,1222.0,1221.25,1221.25,94,32,114835.75
2021-11-10 11:42:00-05:00,1221.25,1221.75,1221.0,1221.25,85,33,103816.25
2021-11-10 11:43:00-05:00,1221.5,1221.75,1221.0,1221.25,165,44,201516.0
2021-11-10 11:44:00-05:00,1221.5,1221.5,1221.0,1221.0,100,35,122126.75
2021-11-10 11:45:00-05:00,1221.25,1221.5,1221.25,1221.25,71,31,86716.75
2021-11-10 11:46:00-05:00,1221.0,1221.0,1220.5,1220.75,217,48,264886.5
2021-11-10 11:47:00-05:00,1221.0,1221.0,1220.75,1221.0,252,53,307661.25
2021-11-10 11:48:00-05:00,1221.25,1221.75,1221.25,1221.5,32,18,39089.0
2021-11-10 11:49:00-05:00,1221.75,1221.75,1220.75,1221.25,107,38,130690.0
2021-11-10 11:50:00-05:00,1221.5,1222.0,1221.5,1222.0,163,52,199154.5
2021-11-10 11:51:00-05:00,1221.75,1222.0,1221.5,1221.75,62,25,75749.5
2021-11-10 11:52:00-05:00,1221.5,1222.25,1221.5,1222.25,190,56,232209.25
2021-11-10 11:53:00-05:00,1222.0,1222.0,1220.25,1220.5,265,84,323534.5
2021-11-10 11:54:00-05:00,1220.75,1222.0,1220.75,1222.0,133,40,162466.75
2021-11-10 11:55:00-05:00,1221.75,1222.25,1221.75,1222.25,115,39,140538.25
2021-11-10 11:56:00-05:00,1222.0,1222.0,1221.0,1221.0,178,47,217454.25
2021-11-10 11:57:00-05:00,1221.0,1222.5,1221.0,1222.25,272,67,332373.5
2021-11-10 11:58:00-05:00,1222.0,1222.0,1221.5,1221.75,83,31,101407.5
2021-11-10 11:59:00-05:00,1221.75,1222.0,1221.5,1222.0,143,40,174725.25
2021-11-10 12:00:00-05:00,1222.0,1222.0,1220.75,1221.0,104,37,126993.0
2021-11-10 12:01:00-05:00,1221.0,1221.0,1220.25,1220.25,54,23,65907.5
2021-11-10 12:02:00-05:00,1220.5,1220.5,1219.75,1220.0,74,30,90279.75
2021-11-10 12:03:00-05:00,1220.0,1220.0,1218.75,1219.0,433,83,527923.0
2021-11-10 12:04:00-05:00,1219.25,1220.25,1219.25,1220.0,101,35,123200.25
2021-11-10 12:05:00-05:00,1220.25,1220.75,1220.0,1220.5,116,44,141565.75
2021-11-10 12:06:00-05:00,1220.5,1220.75,1220.0,1220.0,57,23,69565.5
2021-11-10 12:07:00-05:00,1220.0,1220.5,1220.0,1220.25,103,44,125699.75
2021-11-10 12:08:00-05:00,1220.25,1220.25,1219.0,1219.25,92,37,112212.25
2021-11-10 12:09:00-05:00,1219.0,1219.5,1219.0,1219.25,88,28,107287.25
2021-11-10 12:10:00-05:00,1219.5,1219.5,1219.25,1219.5,109,29,132925.25
2021-11-10 12:11:00-05:00,1219.25,1219.75,1219.25,1219.5,63,22,76831.75
2021-11-10 12:12:00-05:00,1219.5,1219.75,1218.75,1219.0,150,43,182872.75
2021-11-10 12:13:00-05:00,1219.25,1219.25,1218.5,1219.25,169,65,206006.75
2021-11-10 12:14:00-05:00,1219.0,1219.25,1218.75,1219.0,129,49,157258.5
2021-11-10 12:15:00-05:00,1219.0,1220.5,1219.0,1220.0,144,44,175642.5
2021-11-10 12:16:00-05:00,1220.0,1220.0,1219.75,1220.0,101,40,123212.75
2021-11-10 12:17:00-05:00,1220.0,1220.0,1218.75,1219.0,68,39,82912.0
2021-11-10 12:18:00-05:00,1218.75,1219.0,1218.25,1218.25,103,38,125510.0
2021-11-10 12:19:00-05:00,1218.25,1218.5,1218.25,1218.5,132,42,160828.25
2021-11-10 12:20:00-05:00,1218.25,1218.5,1217.5,1218.25,152,41,185158.5
2021-11-10 12:21:00-05:00,1218.25,1218.75,1218.25,1218.75,97,21,118190.0
2021-11-10 12:22:00-05:00,1218.5,1218.75,1218.25,1218.5,44,20,53610.25
2021-11-10 12:23:00-05:00,1218.5,1218.5,1218.25,1218.5,64,28,77976.5
2021-11-10 12:24:00-05:00,1218.5,1218.5,1218.0,1218.0,108,24,131568.25
2021-11-10 12:25:00-05:00,1217.75,1218.0,1217.25,1217.75,322,66,391990.0
2021-11-10 12:26:00-05:00,1217.75,1218.0,1217.75,1217.75,63,28,76720.0
2021-11-10 12:27:00-05:00,1217.75,1217.75,1217.25,1217.25,122,32,148545.5
2021-11-10 12:28:00-05:00,1217.0,1217.25,1216.5,1216.75,133,42,161839.5
2021-11-10 12:29:00-05:00,1216.5,1217.0,1216.5,1216.5,82,35,99769.5
2021-11-10 12:30:00-05:00,1216.5,1219.0,1216.5,1218.25,335,110,408058.25
2021-11-10 12:31:00-05:00,1218.25,1218.5,1218.25,1218.25,55,17,67010.5
2021-11-10 12:32:00-05:00,1218.25,1218.75,1218.25,1218.25,263,74,320469.25
2021-11-10 12:33:00-05:00,1218.25,1219.25,1218.25,1219.25,46,28,56056.0
2021-11-10 12:34:00-05:00,1219.25,1219.5,1218.75,1218.75,96,20,117032.0
2021-11-10 12:35:00-05:00,1219.0,1220.0,1218.75,1219.0,111,42,135355.0
2021-11-10 12:36:00-05:00,1219.0,1219.75,1219.0,1219.75,29,20,35361.25
2021-11-10 12:37:00-05:00,1219.5,1219.5,1219.25,1219.25,45,11,54868.5
2021-11-10 12:38:00-05:00,1219.0,1219.25,1219.0,1219.25,19,11,23165.0
2021-11-10 12:39:00-05:00,1219.25,1219.25,1219.0,1219.0,20,9,24383.75
2021-11-10 12:40:00-05:00,1219.0,1219.0,1218.5,1219.0,128,50,156006.5
2021-11-10 12:41:00-05:00,1219.0,1219.0,1218.5,1218.5,28,14,34123.5
2021-11-10 12:42:00-05:00,1218.25,1218.5,1218.0,1218.0,20,12,24363.5
2021-11-10 12:43:00-05:00,1218.0,1218.5,1218.0,1218.0,52,17,63345.25
2021-11-10 12:44:00-05:00,1217.75,1218.25,1217.75,1218.25,102,23,124239.5
2021-11-10 12:45:00-05:00,1218.0,1218.25,1217.75,1218.0,86,21,104749.75
2021-11-10 12:46:00-05:00,1218.0,1218.25,1217.75,1218.0,31,16,37756.5
2021-11-10 12:47:00-05:00,1218.25,1218.5,1217.75,1217.75,78,34,95004.5
2021-11-10 12:48:00-05:00,1217.75,1218.0,1217.5,1217.5,82,25,99855.25
2021-11-10 12:49:00-05:00,1217.5,1217.5,1216.25,1216.25,153,73,186207.0
2021-11-10 12:50:00-05:00,1216.25,1216.25,1216.0,1216.0,62,27,75394.25
2021-11-10 12:51:00-05:00,1216.25,1216.75,1216.25,1216.5,105,23,127741.75
2021-11-10 12:52:00-05:00,1216.5,1216.5,1216.0,1216.25,68,27,82710.0
2021-11-10 12:53:00-05:00,1216.25,1216.75,1216.0,1216.75,91,23,110695.5
2021-11-10 12:54:00-05:00,1216.75,1217.25,1216.75,1217.0,59,25,71802.0
2021-11-10 12:55:00-05:00,1217.0,1218.0,1217.0,1218.0,37,11,45043.25
2021-11-10 12:56:00-05:00,1217.75,1217.75,1217.25,1217.5,53,17,64528.25
2021-11-10 12:57:00-05:00,1217.5,1217.5,1217.25,1217.25,30,18,36519.0
2021-11-10 12:58:00-05:00,1217.25,1217.75,1217.25,1217.5,82,26,99831.5
2021-11-10 12:59:00-05:00,1217.5,1217.5,1217.25,1217.5,60,24,73047.75
2021-11-10 13:00:00-05:00,1217.5,1218.5,1217.25,1217.25,104,34,126658.75
2021-11-10 13:01:00-05:00,1217.25,1217.25,1216.5,1216.5,102,37,124135.25
2021-11-10 13:02:00-05:00,1216.5,1217.0,1216.25,1216.25,75,26,91249.75
2021-11-10 13:03:00-05:00,1216.25,1216.25,1216.0,1216.25,85,27,103367.75
2021-11-10 13:04:00-05:00,1216.0,1216.0,1214.25,1214.25,651,131,791021.5
2021-11-10 13:05:00-05:00,1214.25,1215.25,1214.25,1215.0,157,46,190699.25
2021-11-10 13:06:00-05:00,1215.0,1216.0,1215.0,1215.5,151,42,183548.0
2021-11-10 13:07:00-05:00,1215.25,1215.25,1214.75,1215.0,92,27,111787.25
2021-11-10 13:08:00-05:00,1215.0,1215.25,1215.0,1215.0,64,28,77773.5
2021-11-10 13:09:00-05:00,1215.25,1215.5,1215.0,1215.25,71,29,86284.5
2021-11-10 13:10:00-05:00,1215.25,1215.5,1215.0,1215.25,53,24,64408.25
2021-11-10 13:11:00-05:00,1215.25,1215.25,1215.0,1215.25,51,18,61977.25
2021-11-10 13:12:00-05:00,1215.0,1215.0,1214.5,1214.75,300,82,364414.25
2021-11-10 13:13:00-05:00,1214.75,1215.5,1214.75,1215.25,152,36,184703.25
2021-11-10 13:14:00-05:00,1215.25,1215.25,1215.25,1215.25,161,36,195655.25
2021-11-10 13:15:00-05:00,1215.25,1216.5,1215.25,1216.5,235,69,285772.75
2021-11-10 13:16:00-05:00,1216.25,1217.25,1216.25,1217.25,188,40,228791.5
2021-11-10 13:17:00-05:00,1217.25,1217.5,1217.0,1217.0,102,46,124156.0
2021-11-10 13:18:00-05:00,1217.0,1217.25,1217.0,1217.25,112,39,136327.0
2021-11-10 13:19:00-05:00,1217.25,1217.25,1217.0,1217.25,78,37,94940.5
